(
si:0.81245,
gi:-0.03279,
ga:0.03279);
